AO-07
1 07530U 74089B   25095.54581729 -.00000026  00000-0  12628-3 0  9996
2 07530 101.9952  99.1138 0011892 245.4943 245.5555 12.53687888305912
UO-11
1 14781U 84021B   25095.15945581  .00003750  00000-0  40326-3 0  9998
2 14781  97.7479  62.8602 0007565 180.6769 179.4439 14.89089188212907
AO-27
1 22825U 93061C   25095.88085596  .00000284  00000-0  12575-3 0  9995
2 22825  98.7433 157.0950 0007408 306.9099  53.1404 14.30768095644731
FO-29
1 24278U 96046B   25095.46759210  .00000027  00000-0  61064-4 0  9993
2 24278  98.5823 357.9134 0350439 151.1365 210.9665 13.53242466414215
NOAA-15
1 25338U 98030A   25095.81109498  .00000397  00000-0  18084-3 0  9995
2 25338  98.5421 122.4827 0010275 182.3596 177.7538 14.26933167399165
GO-32
1 25397U 98043D   25095.85193062  .00000270  00000-0  13723-3 0  9993
2 25397  98.9656  73.6384 0002160  60.3574 299.7819 14.24289505389292
ISS
1 25544U 98067A   25095.84349512  .00015232  00000-0  28134-3 0  9991
2 25544  51.6370 305.3260 0004931  12.6252 347.4859 15.49274177503946
NO-44
1 26931U 01043C   25095.88822969  .00000453  00000-0  20067-3 0  9992
2 26931  67.0502 295.0974 0005561 269.1677  90.8788 14.31685036228003
SO-50
1 27607U 02058C   25094.87334452  .00004804  00000-0  61907-3 0  9995
2 27607  64.5553  43.3187 0048603 349.8371  10.1747 14.81335482199709
CO-55
1 27844U 03031E   25095.54304413  .00000832  00000-0  38177-3 0  9999
2 27844  98.6787 104.6509 0010057  23.5462 336.6175 14.23920736129417
CO-57
1 27848U 03031J   25095.46127324  .00000702  00000-0  32920-3 0  9994
2 27848  98.6816 104.6246 0010267  39.8023 320.3906 14.23265895129159
RS-22
1 27939U 03042A   25095.84718046  .00003369  00000-0  54328-3 0  9994
2 27939  98.3223 263.7623 0011046 210.0109 286.5691 14.72099473151306
NOAA-18
1 28654U 05018A   25095.85718144  .00000414  00000-0  24298-3 0  9995
2 28654  98.8437 176.0587 0013243 315.8791  44.1324 14.13566500 24608
CO-58
1 28895U 05043F   25095.07584542  .00004943  00000-0  81879-3 0  9996
2 28895  98.2384 238.6579 0015444 151.7617 208.4429 14.70653268 37544
CO-65
1 32785U 08021C   25095.53931008  .00013885  00000-0  10220-2 0  9998
2 32785  97.7781  66.2839 0011686  74.0939 286.1573 15.03431121919376
AAUSAT2
1 32788U 08021F   25095.47223875  .00284563  00000-0  27982-2 0  9996
2 32788  97.6041  90.3146 0007388 136.0720 224.1128 15.65079905923231
CO-66
1 32791U 08021J   25095.17168061  .00031077  00000-0  15939-2 0  9991
2 32791  97.7238  73.8672 0006124  58.1603 302.0225 15.16470828920657
RS-30
1 32953U 08025A   25095.85767209  .00000059  00000-0  35342-3 0  9996
2 32953  82.4979 267.4347 0019535 184.4830 175.6078 12.43161607765493
NOAA-19
1 33591U 09005A   25095.85306422  .00000371  00000-0  22187-3 0  9990
2 33591  99.0030 160.1801 0013893 182.5051 177.6053 14.13331907832966
SRMSAT
1 37841U 11058D   25095.56578044  .00000627  00000-0  19697-3 0  9998
2 37841  19.9707 187.9695 0011927  69.7542  47.0142 14.11404124696131
ZACUBE-1
1 39417U 13066B   25095.85269917  .00010886  00000-0  96203-3 0  9994
2 39417  97.7737  53.2710 0042797 268.5777  91.0541 14.95806530615233
Delfi-N3xt
1 39428U 13066N   25095.05631059  .00015520  00000-0  16190-2 0  9994
2 39428  97.8354  13.4963 0085311 215.1636 144.3932 14.87141026609513
GOMX-1
1 39430U 13066Q   25095.84726246  .00005021  00000-0  78476-3 0  9998
2 39430  97.6930 318.4655 0134258  40.1077 320.9946 14.67289046605910
LO-74
1 39440U 13066AA  25095.11774834  .00012511  00000-0  12802-2 0  9997
2 39440  97.8438  40.1842 0064443  37.5498 323.0194 14.89107773612892
AO-73
1 39444U 13066AE  25095.84964065  .00016735  00000-0  12913-2 0  9993
2 39444  97.7665  57.6164 0039559 244.3642 115.3492 15.01022981614466
DTUSAT-2
1 40030U 14033W   25095.18585572  .00017386  00000-0  11637-2 0  9995
2 40030  98.0509  63.9222 0007248 285.6549  74.3877 15.06974687587058
EO-80
1 40032U 14033Y   25095.14293622  .00018031  00000-0  12042-2 0  9994
2 40032  98.0379  63.6231 0007380 209.4363 150.6449 15.07048287587037
LILACSAT-2
1 40908U 15049K   25095.87592570  .00022534  00000-0  62349-3 0  9997
2 40908  97.5128 114.7246 0010679  43.7540 316.4548 15.36960521528280
IO-86
1 40931U 15052B   25038.81889873  .00001817  00000-0  15548-3 0  9993
2 40931   6.0001 108.1159 0012838 187.7041 172.2889 14.78568669506492
Horyu-4
1 41340U 16012D   25095.59557066  .00042229  00000-0  12670-2 0  9993
2 41340  30.9971 207.8885 0008865 103.8035 256.3597 15.33203075502797
Lapan A3
1 41603U 16040E   25095.86625893  .00006827  00000-0  24275-3 0  9999
2 41603  97.1399 103.0333 0012647 133.5668 226.6625 15.29223112487892
CAS-2T
1 41847U 16066G   25095.17319541  .00002714  00000-0  39386-3 0  9991
2 41847  98.4230 170.1988 0347151  16.5578 344.6618 14.43282879441581
CAS-4B
1 42759U 17034B   25095.89272157  .00079870  00000-0  11716-2 0  9993
2 42759  43.0106 345.0012 0018505 204.5552 155.4430 15.54384348432501
CAS-4A
1 42761U 17034D   25095.83919743  .00082234  00000-0  11736-2 0  9999
2 42761  43.0140 343.0225 0019911 208.5326 151.4448 15.55087094432516
TechnoSat
1 42829U 17042E   25095.73397866  .00008359  00000-0  65535-3 0  9991
2 42829  97.3922 267.5482 0014428 135.2809 224.9582 15.01121430420994
AO-91
1 43017U 17073E   25095.86456168  .00020698  00000-0  10806-2 0  9990
2 43017  97.5340 328.2925 0177272  27.2527 333.7865 15.03291225399485
S-Net D
1 43186U 18014G   25095.28803857  .00013845  00000-0  83316-3 0  9993
2 43186  97.5669 358.8804 0011131  89.3486 270.9019 15.10893073392512
S-Net B
1 43187U 18014H   25095.68999644  .00012130  00000-0  73063-3 0  9992
2 43187  97.5675 359.2460 0011895  84.6380 275.6207 15.10883105392573
S-Net A
1 43188U 18014J   25094.69259701  .00010975  00000-0  66162-3 0  9993
2 43188  97.5681 358.4017 0011809  87.8473 272.4109 15.10879776392422
S-Net C
1 43189U 18014K   25095.22866036  .00013091  00000-0  78809-3 0  9992
2 43189  97.5695 358.9350 0013323  80.0189 280.2544 15.10869521391050
Ten-Koh
1 43677U 18084G   25095.03909040  .00006497  00000-0  52541-3 0  9990
2 43677  98.0960 264.6836 0010335 132.6568 227.5527 15.00110119350411
PO-101
1 43678U 18084H   25095.86924724  .00005590  00000-0  47972-3 0  9993
2 43678  98.0990 269.5530 0008899 140.8521 219.3346 14.97883113350696
QO-100
1 43700U 18090A   25095.50253081  .00000128  00000-0  00000 0 0  9997
2 43700   0.0021 165.6051 0001385 235.9722 359.1745  1.00269974 23535
MinXSS-2
1 43758U 18099A   25095.41719557  .00035460  00000-0  15001-2 0  9991
2 43758  97.5078 161.3381 0012136  32.3502 327.8476 15.23047641347044
AO-95
1 43770U 18099N   25095.12939679  .00022872  00000-0  12026-2 0  9999
2 43770  97.4988 153.9828 0012431  84.2459 276.0190 15.15606488346638
RANGE-A
1 43773U 18099R   25095.07384852  .00011233  00000-0  72747-3 0  9999
2 43773  97.4570 145.3817 0012791  62.4795 297.7732 15.08238967346346
MOVE-II
1 43780U 18099Y   25095.46486546  .00165593  00000-0  25794-2 0  9991
2 43780  97.4717 167.3060 0000428 329.2212  30.9016 15.53288646347626
SNUSat 2
1 43782U 18099AA  25094.71378208  .00015751  00000-0  88759-3 0  9996
2 43782  97.4667 150.8473 0012549  28.5708 331.6208 15.13217036346537
SnugLite
1 43784U 18099AC  25095.70130084  .00020516  00000-0  10714-2 0  9996
2 43784  97.4488 151.2565 0003920  45.5053 314.6500 15.15930554346807
ITASat 1
1 43786U 18099AE  25094.71656985  .00013178  00000-0  77323-3 0  9997
2 43786  97.4640 150.5439 0016017  77.2023 283.0996 15.11759619346503
EAGLET 1
1 43790U 18099AJ  25095.68687189  .00010175  00000-0  65833-3 0  9996
2 43790  97.4845 151.6465 0013406  57.7642 302.4884 15.08292110346286
ESEO
1 43792U 18099AL  25094.73513413  .00004037  00000-0  30975-3 0  9990
2 43792  97.4580 144.8414 0012553  37.1343 323.0749 15.02271016345930
CSIM
1 43793U 18099AM  25095.50371230  .00149613  00000-0  22975-2 0  9996
2 43793  97.4905 169.4794 0003726 326.3108  33.7908 15.53737861347474
JO-97
1 43803U 18099AX  25095.14659599  .00028007  00000-0  13436-2 0  9990
2 43803  97.4738 154.8695 0007591  26.4764 333.6856 15.18821745346837
Suomi 100
1 43804U 18099AY  25095.72158533  .00021576  00000-0  10990-2 0  9993
2 43804  97.4796 154.9046 0012619  20.8024 339.3720 15.16738152346860
ISAT
1 43879U 18111D   25095.22430625  .00046005  00000-0  17496-2 0  9992
2 43879  97.5991   8.3098 0012155  73.3603 286.8968 15.26558192341691
UWE-4
1 43880U 18111E   25095.17797567  .00037153  00000-0  15594-2 0  9990
2 43880  97.5928   7.1651 0015186  81.7307 278.5651 15.23265908341667
Sparrow
1 43881U 18111F   25095.18956365  .00047741  00000-0  17598-2 0  9995
2 43881  97.6118  10.9137 0010218 103.7875 256.4501 15.27602933341797
Prox-1
1 44339U 19036A   25095.51856814  .00020394  00000-0  27150-2 0  9996
2 44339  23.9967 128.6430 0007219  56.5496 303.5690 14.78136549308464
SONATE
1 44400U 19038Q   25095.63290249  .00153478  00000-0  12658-2 0  9991
2 44400  97.7028 115.0364 0010631 126.8278 233.3960 15.69801415319315
Taurus 1
1 44530U 19059C   25095.85666947  .00018641  00000-0  35113-2 0  9997
2 44530  98.5976 232.2602 0010296 228.5462 131.4856 14.64560283294468
Duchifat 3
1 44854U 19089C   25095.87706512  .00066761  00000-0  16201-2 0  9997
2 44854  36.9469  44.7487 0003319 320.6194  39.4318 15.39949606292945
TO-108
1 44881U 19093C   25095.82914729  .00002828  00000-0  33383-3 0  9993
2 44881  97.7947 172.8322 0015296  85.4870 274.8092 14.85403903286465
FloripaSat 1
1 44885U 19093G   25095.82392047  .00013538  00000-0  11648-2 0  9999
2 44885  97.8145 183.3393 0011028  66.3248 293.9130 14.97458628287059
RS-44
1 44909U 19096E   25094.72684951  .00000033  00000-0  77786-4 0  9998
2 44909  82.5166 271.0379 0218472  89.5954 273.0176 12.79739851246267
UPMSat 2
1 46276U 20061E   25095.75956123  .00080831  00000-0  10098-2 0  9993
2 46276  97.2509 168.3722 0001787 149.9544 210.1816 15.59579103255339
SALSAT
1 46495U 20068K   25095.86608438  .00016969  00000-0  75619-3 0  9990
2 46495  97.8564  70.9812 0012970  36.3335 323.8777 15.21432529248687
CubeSX-Sirius-HSE
1 47951U 21022V   25095.91792654  .00204944  00000-0  19433-2 0  9992
2 47951  97.4237   5.3861 0009699 141.4533 218.7421 15.66219933223633
CubeSX-HSE
1 47952U 21022W   25095.88001869  .00202049  00000-0  18746-2 0  9990
2 47952  97.4242   5.5704 0009805 137.4395 222.7627 15.66771556223646
GRBAlpha
1 47959U 21022AD  25095.84955731  .00204068  00000-0  19228-2 0  9998
2 47959  97.4229   5.6711 0009557 140.8613 219.3340 15.66382493222463
Orbicraft-Zorkiy
1 47960U 21022AE  25095.86139024  .01273273  88157-3  23773-2 0  9998
2 47960  97.4136  10.1144 0009653 144.1857 216.0071 16.01118880223415
TUBIN
1 48900U 21059X   25095.83149141  .00066328  00000-0  10302-2 0  9993
2 48900  97.6717 260.1278 0003817 132.1100 228.0478 15.53734713209969
LEDSAT
1 49069U 21073D   25095.75210953  .00087176  00000-0  14610-2 0  9997
2 49069  97.3937 175.0079 0010385 308.2305  51.8012 15.51478712201354
CUTE
1 49263U 21088D   25095.74739986  .00025077  00000-0  54831-3 0  9992
2 49263  97.4550 170.2412 0010149 119.2924 240.9339 15.44098770194410
TeikyoSat 4
1 49396U 21102B   25094.70410654  .00004397  00000-0  29522-3 0  9990
2 49396  97.4190 135.4970 0012597   8.3662 351.7773 15.07244843186625
Z-Sat
1 49399U 21102E   25095.85199497  .00009717  00000-0  54175-3 0  9992
2 49399  97.3890 139.3152 0017237 333.2634  26.7708 15.13657498187184
KOSEN 1
1 49402U 21102H   25095.68527538  .00015020  00000-0  71623-3 0  9990
2 49402  97.3791 142.0975 0014703 308.8167  51.1754 15.19091742187438
HO-113
1 50466U 21131B   25095.89679715  .00001417  00000-0  45742-3 0  9990
2 50466  98.5084 185.5793 0003487 345.8388  14.2703 14.40696392172131
IRIS-A
1 51044U 22002BN  25095.44965574  .00213962  00000-0  16335-2 0  9998
2 51044  97.3311 172.3897 0000592 141.6758 218.4547 15.71552135179570
Foresail-1
1 52766U 22057AL  25095.64339684  .00169711  00000-0  14224-2 0  9996
2 52766  97.6030 240.8670 0004729 192.3190 167.7956 15.69417888159639
SNUGLITE 2
1 52899U 22065F   25095.11101486  .00003513  00000-0  69476-3 0  9998
2 52899  98.1575 237.7682 0006683 325.0660  35.0103 14.62961713146913
IO-117
1 53106U 22080B   25051.21822557 -.00000003  00000-0  00000 0 0  9995
2 53106  70.1434 106.3440 0008542  48.0089 312.1297  6.42557744 61200
UmKA 1 (RS40S)
1 57172U 23091G   25095.87594750  .00012805  00000-0  70023-3 0  9994
2 57172  97.5660 151.6130 0014755 191.6693 168.4198 15.14318486 97689
CubeBel-2 (EU11S)
1 57175U 23091K   25095.86403328  .00017705  00000-0  88028-3 0  9994
2 57175  97.5656 152.3849 0012641 200.1384 159.9353 15.17630533 97734
VERONIKA
1 58261U 23174F   25095.76286773  .00132350  00000-0  19984-2 0  9993
2 58261  97.4175 178.8500 0006992 262.2089  97.8371 15.54249044 78560
ENSO
1 58470U 23185J   25095.84824235  .00073810  00000-0  13986-2 0  9998
2 58470  97.3788 169.2373 0006462 305.4587  54.6059 15.48069691 74996
EIRSAT-1
1 58472U 23185L   25095.83682309  .00108764  00000-0  16414-2 0  9999
2 58472  97.3765 170.2749 0005613 299.0057  61.0634 15.54358442 75061
SONATE-2
1 59112U 24043Q   25095.35081594  .00037545  00000-0  11776-2 0  9995
2 59112  97.5030 225.3845 0010791 348.6927  11.4071 15.32897975 60332
MO-122
1 60209U 24125G   25095.37787291  .00036992  00000-0  11447-2 0  9994
2 60209  97.2886 307.8153 0020075  15.7628 344.4235 15.33187008 41959
GRBBeta
1 60237U 24128C   25095.57370922  .00009789  00000-0  74412-3 0  9995
2 60237  61.9924 306.0953 0045730  43.5071 316.9613 15.01856144 40431
Curium One
1 60242U 24128H   25095.57420659  .00016826  00000-0  12028-2 0  9998
2 60242  61.9825 305.2522 0045484  39.1098 321.3266 15.03796524 40459
ROBUSTA-3A
1 60243U 24128J   25094.95953399  .00015163  00000-0  10991-2 0  9992
2 60243  61.9894 308.0195 0043866  36.8414 323.5677 15.03394005 40358
CatSat
1 60246U 24125J   25095.14247324  .00020326  00000-0  70933-3 0  9998
2 60246  97.2672 307.4907 0042887 328.9507  30.9199 15.28738036 39989
HYPERVIEW-1G (RS66S)
1 61772U 24199AP  25095.83740100  .00038858  00000-0  12444-2 0  9991
2 61772  97.3644 324.9330 0016120  68.5916 291.7044 15.32152565 67035
AO-123
1 61781U 24199AY  25095.87270739  .00014735  00000-0  55269-3 0  9992
2 61781  97.3652 324.4474 0017878  69.9374 290.3788 15.27180290 67009
ZIMSAT 2
1 61783U 24199BA  25095.86902353  .00054880  00000-0  15940-2 0  9993
2 61783  97.3632 325.1854 0016718  67.4542 292.8469 15.35158765 70201
HADES-R (SO-124)
1 62690U 25009CK  25095.19466619  .00074586  00000-0  31066-2 0  9990
2 62690  97.4119 176.4996 0001955 282.5880  77.5139 15.23424144 12174
HYDRA-T
1 62692U 25009CM  25095.45155627  .00069510  00000-0  28813-2 0  9992
2 62692  97.4122 176.7667 0002021 275.8845  84.2161 15.23612482 12218
JINJUSat 1B
1 63210U 25052A   25095.41332652  .00024701  00000-0  11926-2 0  9998
2 63210  97.4490 350.4189 0004659 161.5671 198.5733 15.18641562  3354
NUSHSAT 1
1 63211U 25052B   25095.41392219  .00027363  00000-0  13199-2 0  9995
2 63211  97.4481 350.4160 0004472 165.7726 194.3635 15.18653185  3353
TEVEL2-4
1 63213U 25052D   25095.48239905  .00025638  00000-0  12446-2 0  9993
2 63213  97.4398 350.4571 0003010 173.8546 186.2725 15.18449172  3365
TEVEL2-5
1 63214U 25052E   25095.81193179  .00025032  00000-0  12149-2 0  9991
2 63214  97.4398 350.7812 0003032 173.8476 186.2796 15.18462571  3415
TEVEL2-6
1 63215U 25052F   25095.21928486  .00028362  00000-0  13781-2 0  9995
2 63215  97.4401 350.1974 0003019 175.8641 184.2619 15.18394930  3320
TEVEL2-1
1 63217U 25052H   25095.48539726  .00025120  00000-0  12275-2 0  9997
2 63217  97.4375 350.4474 0002571 192.6361 167.4809 15.18225136  3367
TEVEL2-2
1 63218U 25052J   25095.22187941  .00028539  00000-0  13942-2 0  9997
2 63218  97.4377 350.1877 0002601 193.7516 166.3648 15.18206895  3328
TEVEL2-3
1 63219U 25052K   25095.41961273  .00026350  00000-0  12876-2 0  9991
2 63219  97.4376 350.3826 0002576 193.6845 166.4320 15.18214991  3356
TEVEL2-8
1 63237U 25052AD  25095.43494161  .00025645  00000-0  12936-2 0  9993
2 63237  97.4441 350.3779 0006531 232.7454 127.3184 15.17094375  3357
TEVEL2-9
1 63238U 25052AE  25095.43527848  .00025257  00000-0  12752-2 0  9998
2 63238  97.4444 350.3778 0006646 232.8268 127.2359 15.17063497  3355
TEVEL2-7
1 63239U 25052AF  25095.43570449  .00025257  00000-0  12766-2 0  9999
2 63239  97.4442 350.3771 0006619 233.1572 126.9054 15.17026336  3358